202.97829 229.19453 84.37108 46.093887 
203.42877 229.13728 83.81116 46.17845 
204.0143 228.46799 82.95393 46.696106 
204.1568 228.88136 83.61334 46.494522 
202.82124 229.16478 84.53996 46.284134 
203.531 229.4367 83.59885 45.58304 
204.14001 228.33783 81.612274 46.77942 
204.17932 229.08748 81.66406 46.10298 
203.09842 228.55324 84.47391 46.696915 
203.62799 229.18947 83.49112 46.13127 
203.77043 228.69072 82.89046 46.49498 
203.94049 228.78117 82.11456 46.44423 
203.86256 228.91014 83.95296 46.24077 
203.82733 228.38486 82.52078 46.88324 
203.73497 229.12634 82.64574 45.931885 
202.58798 228.89534 85.68414 46.376663 
203.5841 228.0627 82.958435 47.255356 
203.99069 228.88684 82.65155 46.405334 
203.08656 229.02296 84.5829 46.314377 
203.81258 228.81142 82.45152 46.502365 
203.22478 228.19427 84.297134 47.192688 
204.40956 228.64758 82.34993 46.815308 
203.23903 228.13324 84.146866 47.12274 
203.64882 228.57756 83.4171 46.726425 
203.44812 229.61256 83.71475 45.61122 
203.44797 229.22658 83.31378 46.051743 
204.24022 228.34319 81.77843 46.87108 
204.14867 228.05968 82.209854 47.020706 
203.33586 228.79887 84.19713 46.34935 
203.75986 229.91592 82.620544 45.253693 
203.97693 229.53687 82.36868 45.656372 
204.06812 228.42215 81.699585 46.79767 
203.10034 228.34097 85.106476 46.891907 
202.25558 228.33015 84.98831 46.794693 
204.2815 227.88612 81.52884 47.35945 
204.6313 229.29707 80.73073 46.088974 
203.7174 229.31737 83.93851 45.922165 
203.8838 228.80177 82.43822 46.490128 
204.22055 228.44853 83.28677 46.718857 
203.9725 228.50267 82.80832 46.590164 
204.16512 228.23402 81.83458 46.88582 
203.55978 227.91171 83.60504 47.35092 
203.76056 229.86084 83.37665 45.302338 
204.26367 229.16685 83.067566 46.05568 
203.63663 229.0998 83.47754 46.065765 
203.70148 229.2067 83.24176 46.06476 
203.7715 228.68861 82.62758 46.535507 
203.92049 228.82048 82.47221 46.302567 
203.70567 228.54298 82.53801 46.728928 
202.90555 228.94308 84.87756 46.35196 
203.43001 229.66255 83.95833 45.38762 
204.50345 229.18094 81.80328 46.03009 
203.4042 229.15909 84.82709 46.10318 
203.66403 229.53218 83.03369 45.75209 
203.53432 228.82112 82.84996 46.269485 
203.92331 229.29515 83.45447 45.981583 
203.8212 229.42989 83.500244 45.651566 
203.19943 229.38159 84.766205 45.759155 
203.77692 228.5166 83.66214 46.72635 
204.3978 229.14934 82.24393 46.056473 
203.77362 228.69229 83.96814 46.775543 
203.59772 227.76773 83.93976 47.390778 
203.67876 229.85724 84.162 45.419342 
203.7428 229.34923 83.77536 45.911667 
203.3444 229.10764 83.94023 46.154633 
